gain	0	1	-82.72
gain	1	0	-82.72
gain	0	2	-94.33
gain	2	0	-94.33
gain	0	3	-112.30
gain	3	0	-112.30
gain	0	4	-109.27
gain	4	0	-109.27
gain	0	5	-111.50
gain	5	0	-111.50
gain	0	6	-121.73
gain	6	0	-121.73
gain	0	7	-119.14
gain	7	0	-119.14
gain	0	8	-126.98
gain	8	0	-126.98
gain	0	9	-128.68
gain	9	0	-128.68
gain	0	10	-134.23
gain	10	0	-134.23
gain	0	11	-129.54
gain	11	0	-129.54
gain	0	12	-136.45
gain	12	0	-136.45
gain	0	13	-84.56
gain	13	0	-84.56
gain	0	14	-88.98
gain	14	0	-88.98
gain	0	15	-102.17
gain	15	0	-102.17
gain	0	16	-110.55
gain	16	0	-110.55
gain	0	17	-115.60
gain	17	0	-115.60
gain	0	18	-117.83
gain	18	0	-117.83
gain	0	19	-117.17
gain	19	0	-117.17
gain	0	20	-126.00
gain	20	0	-126.00
gain	0	21	-127.38
gain	21	0	-127.38
gain	0	22	-125.52
gain	22	0	-125.52
gain	0	23	-132.28
gain	23	0	-132.28
gain	0	24	-138.15
gain	24	0	-138.15
gain	0	25	-133.16
gain	25	0	-133.16
gain	0	26	-101.00
gain	26	0	-101.00
gain	0	27	-96.03
gain	27	0	-96.03
gain	0	28	-99.70
gain	28	0	-99.70
gain	0	29	-108.40
gain	29	0	-108.40
gain	0	30	-114.96
gain	30	0	-114.96
gain	0	31	-119.60
gain	31	0	-119.60
gain	0	32	-118.36
gain	32	0	-118.36
gain	0	33	-122.49
gain	33	0	-122.49
gain	0	34	-121.05
gain	34	0	-121.05
gain	0	35	-131.67
gain	35	0	-131.67
gain	0	36	-129.91
gain	36	0	-129.91
gain	0	37	-132.53
gain	37	0	-132.53
gain	0	38	-137.87
gain	38	0	-137.87
gain	0	39	-107.51
gain	39	0	-107.51
gain	0	40	-105.39
gain	40	0	-105.39
gain	0	41	-108.51
gain	41	0	-108.51
gain	0	42	-111.53
gain	42	0	-111.53
gain	0	43	-119.54
gain	43	0	-119.54
gain	0	44	-121.10
gain	44	0	-121.10
gain	0	45	-122.66
gain	45	0	-122.66
gain	0	46	-126.69
gain	46	0	-126.69
gain	0	47	-123.53
gain	47	0	-123.53
gain	0	48	-126.31
gain	48	0	-126.31
gain	0	49	-134.43
gain	49	0	-134.43
gain	0	50	-138.21
gain	50	0	-138.21
gain	0	51	-135.02
gain	51	0	-135.02
gain	0	52	-109.99
gain	52	0	-109.99
gain	0	53	-112.86
gain	53	0	-112.86
gain	0	54	-115.20
gain	54	0	-115.20
gain	0	55	-118.55
gain	55	0	-118.55
gain	0	56	-118.80
gain	56	0	-118.80
gain	0	57	-123.22
gain	57	0	-123.22
gain	0	58	-119.67
gain	58	0	-119.67
gain	0	59	-125.53
gain	59	0	-125.53
gain	0	60	-129.44
gain	60	0	-129.44
gain	0	61	-129.41
gain	61	0	-129.41
gain	0	62	-135.86
gain	62	0	-135.86
gain	0	63	-129.40
gain	63	0	-129.40
gain	0	64	-135.07
gain	64	0	-135.07
gain	0	65	-111.97
gain	65	0	-111.97
gain	0	66	-117.87
gain	66	0	-117.87
gain	0	67	-120.55
gain	67	0	-120.55
gain	0	68	-118.76
gain	68	0	-118.76
gain	0	69	-124.56
gain	69	0	-124.56
gain	0	70	-123.62
gain	70	0	-123.62
gain	0	71	-126.16
gain	71	0	-126.16
gain	0	72	-127.42
gain	72	0	-127.42
gain	0	73	-129.75
gain	73	0	-129.75
gain	0	74	-132.94
gain	74	0	-132.94
gain	0	75	-129.03
gain	75	0	-129.03
gain	0	76	-133.11
gain	76	0	-133.11
gain	0	77	-136.17
gain	77	0	-136.17
gain	0	78	-122.27
gain	78	0	-122.27
gain	0	79	-118.97
gain	79	0	-118.97
gain	0	80	-119.28
gain	80	0	-119.28
gain	0	81	-123.65
gain	81	0	-123.65
gain	0	82	-121.92
gain	82	0	-121.92
gain	0	83	-127.97
gain	83	0	-127.97
gain	0	84	-131.80
gain	84	0	-131.80
gain	0	85	-135.79
gain	85	0	-135.79
gain	0	86	-134.88
gain	86	0	-134.88
gain	0	87	-132.61
gain	87	0	-132.61
gain	0	88	-134.37
gain	88	0	-134.37
gain	0	89	-134.35
gain	89	0	-134.35
gain	0	90	-139.17
gain	90	0	-139.17
gain	0	91	-124.13
gain	91	0	-124.13
gain	0	92	-125.78
gain	92	0	-125.78
gain	0	93	-121.54
gain	93	0	-121.54
gain	0	94	-118.23
gain	94	0	-118.23
gain	0	95	-126.27
gain	95	0	-126.27
gain	0	96	-123.07
gain	96	0	-123.07
gain	0	97	-132.24
gain	97	0	-132.24
gain	0	98	-131.44
gain	98	0	-131.44
gain	0	99	-133.14
gain	99	0	-133.14
gain	0	100	-130.61
gain	100	0	-130.61
gain	0	101	-134.90
gain	101	0	-134.90
gain	0	102	-139.78
gain	102	0	-139.78
gain	0	103	-139.03
gain	103	0	-139.03
gain	0	104	-129.60
gain	104	0	-129.60
gain	0	105	-128.34
gain	105	0	-128.34
gain	0	106	-125.76
gain	106	0	-125.76
gain	0	107	-129.50
gain	107	0	-129.50
gain	0	108	-128.00
gain	108	0	-128.00
gain	0	109	-129.45
gain	109	0	-129.45
gain	0	110	-122.33
gain	110	0	-122.33
gain	0	111	-126.23
gain	111	0	-126.23
gain	0	112	-131.08
gain	112	0	-131.08
gain	0	113	-140.92
gain	113	0	-140.92
gain	0	114	-140.44
gain	114	0	-140.44
gain	0	115	-133.13
gain	115	0	-133.13
gain	0	116	-139.25
gain	116	0	-139.25
gain	0	117	-129.15
gain	117	0	-129.15
gain	0	118	-126.39
gain	118	0	-126.39
gain	0	119	-128.98
gain	119	0	-128.98
gain	0	120	-129.34
gain	120	0	-129.34
gain	0	121	-129.26
gain	121	0	-129.26
gain	0	122	-131.88
gain	122	0	-131.88
gain	0	123	-126.23
gain	123	0	-126.23
gain	0	124	-137.68
gain	124	0	-137.68
gain	0	125	-138.62
gain	125	0	-138.62
gain	0	126	-140.97
gain	126	0	-140.97
gain	0	127	-136.50
gain	127	0	-136.50
gain	0	128	-136.10
gain	128	0	-136.10
gain	0	129	-141.04
gain	129	0	-141.04
gain	0	130	-128.80
gain	130	0	-128.80
gain	0	131	-133.40
gain	131	0	-133.40
gain	0	132	-132.29
gain	132	0	-132.29
gain	0	133	-130.87
gain	133	0	-130.87
gain	0	134	-131.80
gain	134	0	-131.80
gain	0	135	-131.89
gain	135	0	-131.89
gain	0	136	-136.86
gain	136	0	-136.86
gain	0	137	-131.10
gain	137	0	-131.10
gain	0	138	-142.23
gain	138	0	-142.23
gain	0	139	-137.99
gain	139	0	-137.99
gain	0	140	-140.82
gain	140	0	-140.82
gain	0	141	-139.37
gain	141	0	-139.37
gain	0	142	-141.94
gain	142	0	-141.94
gain	0	143	-130.75
gain	143	0	-130.75
gain	0	144	-128.20
gain	144	0	-128.20
gain	0	145	-138.09
gain	145	0	-138.09
gain	0	146	-134.52
gain	146	0	-134.52
gain	0	147	-127.82
gain	147	0	-127.82
gain	0	148	-138.44
gain	148	0	-138.44
gain	0	149	-139.98
gain	149	0	-139.98
gain	0	150	-143.25
gain	150	0	-143.25
gain	0	151	-137.88
gain	151	0	-137.88
gain	0	152	-133.80
gain	152	0	-133.80
gain	0	153	-140.57
gain	153	0	-140.57
gain	0	154	-144.09
gain	154	0	-144.09
gain	0	155	-139.05
gain	155	0	-139.05
gain	0	156	-140.49
gain	156	0	-140.49
gain	0	157	-135.65
gain	157	0	-135.65
gain	0	158	-136.02
gain	158	0	-136.02
gain	0	159	-131.34
gain	159	0	-131.34
gain	0	160	-138.37
gain	160	0	-138.37
gain	0	161	-140.65
gain	161	0	-140.65
gain	0	162	-138.55
gain	162	0	-138.55
gain	0	163	-130.52
gain	163	0	-130.52
gain	0	164	-142.60
gain	164	0	-142.60
gain	0	165	-139.67
gain	165	0	-139.67
gain	0	166	-137.91
gain	166	0	-137.91
gain	0	167	-139.05
gain	167	0	-139.05
gain	0	168	-144.88
gain	168	0	-144.88
gain	1	2	-89.53
gain	2	1	-89.53
gain	1	3	-95.07
gain	3	1	-95.07
gain	1	4	-101.48
gain	4	1	-101.48
gain	1	5	-112.27
gain	5	1	-112.27
gain	1	6	-111.41
gain	6	1	-111.41
gain	1	7	-123.38
gain	7	1	-123.38
gain	1	8	-124.91
gain	8	1	-124.91
gain	1	9	-128.12
gain	9	1	-128.12
gain	1	10	-129.17
gain	10	1	-129.17
gain	1	11	-131.63
gain	11	1	-131.63
gain	1	12	-131.21
gain	12	1	-131.21
gain	1	13	-92.53
gain	13	1	-92.53
gain	1	14	-78.26
gain	14	1	-78.26
gain	1	15	-86.78
gain	15	1	-86.78
gain	1	16	-98.46
gain	16	1	-98.46
gain	1	17	-105.91
gain	17	1	-105.91
gain	1	18	-111.16
gain	18	1	-111.16
gain	1	19	-116.28
gain	19	1	-116.28
gain	1	20	-114.75
gain	20	1	-114.75
gain	1	21	-130.57
gain	21	1	-130.57
gain	1	22	-125.38
gain	22	1	-125.38
gain	1	23	-126.23
gain	23	1	-126.23
gain	1	24	-129.79
gain	24	1	-129.79
gain	1	25	-136.14
gain	25	1	-136.14
gain	1	26	-92.71
gain	26	1	-92.71
gain	1	27	-94.77
gain	27	1	-94.77
gain	1	28	-103.54
gain	28	1	-103.54
gain	1	29	-107.89
gain	29	1	-107.89
gain	1	30	-112.76
gain	30	1	-112.76
gain	1	31	-112.30
gain	31	1	-112.30
gain	1	32	-118.10
gain	32	1	-118.10
gain	1	33	-120.29
gain	33	1	-120.29
gain	1	34	-125.01
gain	34	1	-125.01
gain	1	35	-130.47
gain	35	1	-130.47
gain	1	36	-129.66
gain	36	1	-129.66
gain	1	37	-131.48
gain	37	1	-131.48
gain	1	38	-134.76
gain	38	1	-134.76
gain	1	39	-103.38
gain	39	1	-103.38
gain	1	40	-108.93
gain	40	1	-108.93
gain	1	41	-104.49
gain	41	1	-104.49
gain	1	42	-110.77
gain	42	1	-110.77
gain	1	43	-110.50
gain	43	1	-110.50
gain	1	44	-116.33
gain	44	1	-116.33
gain	1	45	-121.26
gain	45	1	-121.26
gain	1	46	-120.62
gain	46	1	-120.62
gain	1	47	-127.77
gain	47	1	-127.77
gain	1	48	-128.20
gain	48	1	-128.20
gain	1	49	-127.95
gain	49	1	-127.95
gain	1	50	-135.75
gain	50	1	-135.75
gain	1	51	-132.77
gain	51	1	-132.77
gain	1	52	-119.82
gain	52	1	-119.82
gain	1	53	-118.29
gain	53	1	-118.29
gain	1	54	-117.33
gain	54	1	-117.33
gain	1	55	-120.93
gain	55	1	-120.93
gain	1	56	-117.93
gain	56	1	-117.93
gain	1	57	-122.74
gain	57	1	-122.74
gain	1	58	-124.46
gain	58	1	-124.46
gain	1	59	-119.02
gain	59	1	-119.02
gain	1	60	-132.77
gain	60	1	-132.77
gain	1	61	-127.04
gain	61	1	-127.04
gain	1	62	-128.23
gain	62	1	-128.23
gain	1	63	-130.15
gain	63	1	-130.15
gain	1	64	-137.73
gain	64	1	-137.73
gain	1	65	-116.83
gain	65	1	-116.83
gain	1	66	-120.00
gain	66	1	-120.00
gain	1	67	-120.43
gain	67	1	-120.43
gain	1	68	-125.98
gain	68	1	-125.98
gain	1	69	-119.60
gain	69	1	-119.60
gain	1	70	-124.81
gain	70	1	-124.81
gain	1	71	-123.08
gain	71	1	-123.08
gain	1	72	-127.84
gain	72	1	-127.84
gain	1	73	-131.05
gain	73	1	-131.05
gain	1	74	-129.00
gain	74	1	-129.00
gain	1	75	-129.34
gain	75	1	-129.34
gain	1	76	-127.03
gain	76	1	-127.03
gain	1	77	-139.81
gain	77	1	-139.81
gain	1	78	-124.03
gain	78	1	-124.03
gain	1	79	-124.15
gain	79	1	-124.15
gain	1	80	-117.69
gain	80	1	-117.69
gain	1	81	-118.29
gain	81	1	-118.29
gain	1	82	-126.20
gain	82	1	-126.20
gain	1	83	-118.68
gain	83	1	-118.68
gain	1	84	-122.72
gain	84	1	-122.72
gain	1	85	-128.98
gain	85	1	-128.98
gain	1	86	-133.10
gain	86	1	-133.10
gain	1	87	-128.52
gain	87	1	-128.52
gain	1	88	-130.95
gain	88	1	-130.95
gain	1	89	-134.33
gain	89	1	-134.33
gain	1	90	-134.43
gain	90	1	-134.43
gain	1	91	-121.95
gain	91	1	-121.95
gain	1	92	-127.06
gain	92	1	-127.06
gain	1	93	-122.54
gain	93	1	-122.54
gain	1	94	-125.77
gain	94	1	-125.77
gain	1	95	-122.01
gain	95	1	-122.01
gain	1	96	-120.93
gain	96	1	-120.93
gain	1	97	-130.57
gain	97	1	-130.57
gain	1	98	-121.62
gain	98	1	-121.62
gain	1	99	-127.66
gain	99	1	-127.66
gain	1	100	-134.39
gain	100	1	-134.39
gain	1	101	-130.60
gain	101	1	-130.60
gain	1	102	-139.44
gain	102	1	-139.44
gain	1	103	-131.85
gain	103	1	-131.85
gain	1	104	-133.61
gain	104	1	-133.61
gain	1	105	-128.58
gain	105	1	-128.58
gain	1	106	-125.42
gain	106	1	-125.42
gain	1	107	-130.86
gain	107	1	-130.86
gain	1	108	-127.10
gain	108	1	-127.10
gain	1	109	-133.56
gain	109	1	-133.56
gain	1	110	-130.10
gain	110	1	-130.10
gain	1	111	-132.86
gain	111	1	-132.86
gain	1	112	-134.60
gain	112	1	-134.60
gain	1	113	-131.35
gain	113	1	-131.35
gain	1	114	-133.95
gain	114	1	-133.95
gain	1	115	-132.76
gain	115	1	-132.76
gain	1	116	-131.30
gain	116	1	-131.30
gain	1	117	-133.76
gain	117	1	-133.76
gain	1	118	-133.26
gain	118	1	-133.26
gain	1	119	-133.08
gain	119	1	-133.08
gain	1	120	-128.71
gain	120	1	-128.71
gain	1	121	-133.58
gain	121	1	-133.58
gain	1	122	-129.84
gain	122	1	-129.84
gain	1	123	-130.46
gain	123	1	-130.46
gain	1	124	-133.94
gain	124	1	-133.94
gain	1	125	-135.82
gain	125	1	-135.82
gain	1	126	-127.74
gain	126	1	-127.74
gain	1	127	-134.55
gain	127	1	-134.55
gain	1	128	-138.99
gain	128	1	-138.99
gain	1	129	-136.43
gain	129	1	-136.43
gain	1	130	-127.93
gain	130	1	-127.93
gain	1	131	-128.28
gain	131	1	-128.28
gain	1	132	-131.94
gain	132	1	-131.94
gain	1	133	-134.05
gain	133	1	-134.05
gain	1	134	-133.51
gain	134	1	-133.51
gain	1	135	-130.66
gain	135	1	-130.66
gain	1	136	-133.41
gain	136	1	-133.41
gain	1	137	-133.87
gain	137	1	-133.87
gain	1	138	-128.99
gain	138	1	-128.99
gain	1	139	-136.25
gain	139	1	-136.25
gain	1	140	-139.03
gain	140	1	-139.03
gain	1	141	-140.44
gain	141	1	-140.44
gain	1	142	-138.16
gain	142	1	-138.16
gain	1	143	-132.62
gain	143	1	-132.62
gain	1	144	-133.05
gain	144	1	-133.05
gain	1	145	-136.31
gain	145	1	-136.31
gain	1	146	-132.15
gain	146	1	-132.15
gain	1	147	-137.61
gain	147	1	-137.61
gain	1	148	-136.68
gain	148	1	-136.68
gain	1	149	-134.90
gain	149	1	-134.90
gain	1	150	-136.27
gain	150	1	-136.27
gain	1	151	-135.52
gain	151	1	-135.52
gain	1	152	-139.70
gain	152	1	-139.70
gain	1	153	-140.59
gain	153	1	-140.59
gain	1	154	-138.99
gain	154	1	-138.99
gain	1	155	-141.44
gain	155	1	-141.44
gain	1	156	-135.31
gain	156	1	-135.31
gain	1	157	-135.35
gain	157	1	-135.35
gain	1	158	-129.66
gain	158	1	-129.66
gain	1	159	-132.99
gain	159	1	-132.99
gain	1	160	-134.88
gain	160	1	-134.88
gain	1	161	-131.43
gain	161	1	-131.43
gain	1	162	-135.33
gain	162	1	-135.33
gain	1	163	-135.84
gain	163	1	-135.84
gain	1	164	-133.40
gain	164	1	-133.40
gain	1	165	-137.53
gain	165	1	-137.53
gain	1	166	-135.95
gain	166	1	-135.95
gain	1	167	-138.29
gain	167	1	-138.29
gain	1	168	-146.17
gain	168	1	-146.17
gain	2	3	-80.24
gain	3	2	-80.24
gain	2	4	-95.96
gain	4	2	-95.96
gain	2	5	-107.04
gain	5	2	-107.04
gain	2	6	-109.98
gain	6	2	-109.98
gain	2	7	-115.17
gain	7	2	-115.17
gain	2	8	-125.05
gain	8	2	-125.05
gain	2	9	-126.89
gain	9	2	-126.89
gain	2	10	-125.32
gain	10	2	-125.32
gain	2	11	-129.73
gain	11	2	-129.73
gain	2	12	-126.31
gain	12	2	-126.31
gain	2	13	-99.68
gain	13	2	-99.68
gain	2	14	-90.34
gain	14	2	-90.34
gain	2	15	-84.59
gain	15	2	-84.59
gain	2	16	-87.84
gain	16	2	-87.84
gain	2	17	-96.15
gain	17	2	-96.15
gain	2	18	-106.78
gain	18	2	-106.78
gain	2	19	-111.50
gain	19	2	-111.50
gain	2	20	-119.98
gain	20	2	-119.98
gain	2	21	-118.81
gain	21	2	-118.81
gain	2	22	-118.55
gain	22	2	-118.55
gain	2	23	-126.68
gain	23	2	-126.68
gain	2	24	-131.95
gain	24	2	-131.95
gain	2	25	-126.88
gain	25	2	-126.88
gain	2	26	-105.00
gain	26	2	-105.00
gain	2	27	-97.38
gain	27	2	-97.38
gain	2	28	-95.43
gain	28	2	-95.43
gain	2	29	-102.23
gain	29	2	-102.23
gain	2	30	-111.40
gain	30	2	-111.40
gain	2	31	-111.65
gain	31	2	-111.65
gain	2	32	-113.04
gain	32	2	-113.04
gain	2	33	-119.37
gain	33	2	-119.37
gain	2	34	-119.36
gain	34	2	-119.36
gain	2	35	-120.96
gain	35	2	-120.96
gain	2	36	-126.65
gain	36	2	-126.65
gain	2	37	-133.08
gain	37	2	-133.08
gain	2	38	-131.71
gain	38	2	-131.71
gain	2	39	-107.97
gain	39	2	-107.97
gain	2	40	-109.77
gain	40	2	-109.77
gain	2	41	-107.29
gain	41	2	-107.29
gain	2	42	-105.38
gain	42	2	-105.38
gain	2	43	-108.09
gain	43	2	-108.09
gain	2	44	-110.86
gain	44	2	-110.86
gain	2	45	-113.45
gain	45	2	-113.45
gain	2	46	-122.50
gain	46	2	-122.50
gain	2	47	-127.47
gain	47	2	-127.47
gain	2	48	-118.10
gain	48	2	-118.10
gain	2	49	-126.47
gain	49	2	-126.47
gain	2	50	-134.58
gain	50	2	-134.58
gain	2	51	-128.21
gain	51	2	-128.21
gain	2	52	-115.56
gain	52	2	-115.56
gain	2	53	-113.65
gain	53	2	-113.65
gain	2	54	-112.16
gain	54	2	-112.16
gain	2	55	-112.11
gain	55	2	-112.11
gain	2	56	-113.70
gain	56	2	-113.70
gain	2	57	-118.06
gain	57	2	-118.06
gain	2	58	-119.87
gain	58	2	-119.87
gain	2	59	-126.57
gain	59	2	-126.57
gain	2	60	-125.95
gain	60	2	-125.95
gain	2	61	-121.08
gain	61	2	-121.08
gain	2	62	-128.57
gain	62	2	-128.57
gain	2	63	-134.03
gain	63	2	-134.03
gain	2	64	-128.73
gain	64	2	-128.73
gain	2	65	-118.51
gain	65	2	-118.51
gain	2	66	-119.96
gain	66	2	-119.96
gain	2	67	-117.06
gain	67	2	-117.06
gain	2	68	-115.91
gain	68	2	-115.91
gain	2	69	-120.68
gain	69	2	-120.68
gain	2	70	-123.58
gain	70	2	-123.58
gain	2	71	-120.50
gain	71	2	-120.50
gain	2	72	-118.38
gain	72	2	-118.38
gain	2	73	-132.86
gain	73	2	-132.86
gain	2	74	-126.37
gain	74	2	-126.37
gain	2	75	-132.52
gain	75	2	-132.52
gain	2	76	-130.75
gain	76	2	-130.75
gain	2	77	-133.32
gain	77	2	-133.32
gain	2	78	-126.87
gain	78	2	-126.87
gain	2	79	-123.44
gain	79	2	-123.44
gain	2	80	-120.63
gain	80	2	-120.63
gain	2	81	-125.00
gain	81	2	-125.00
gain	2	82	-126.93
gain	82	2	-126.93
gain	2	83	-123.55
gain	83	2	-123.55
gain	2	84	-121.84
gain	84	2	-121.84
gain	2	85	-128.10
gain	85	2	-128.10
gain	2	86	-121.32
gain	86	2	-121.32
gain	2	87	-125.00
gain	87	2	-125.00
gain	2	88	-132.06
gain	88	2	-132.06
gain	2	89	-131.77
gain	89	2	-131.77
gain	2	90	-134.37
gain	90	2	-134.37
gain	2	91	-122.66
gain	91	2	-122.66
gain	2	92	-121.80
gain	92	2	-121.80
gain	2	93	-121.72
gain	93	2	-121.72
gain	2	94	-120.30
gain	94	2	-120.30
gain	2	95	-127.28
gain	95	2	-127.28
gain	2	96	-123.71
gain	96	2	-123.71
gain	2	97	-123.99
gain	97	2	-123.99
gain	2	98	-125.59
gain	98	2	-125.59
gain	2	99	-133.81
gain	99	2	-133.81
gain	2	100	-128.95
gain	100	2	-128.95
gain	2	101	-130.92
gain	101	2	-130.92
gain	2	102	-136.89
gain	102	2	-136.89
gain	2	103	-133.44
gain	103	2	-133.44
gain	2	104	-124.02
gain	104	2	-124.02
gain	2	105	-123.19
gain	105	2	-123.19
gain	2	106	-124.85
gain	106	2	-124.85
gain	2	107	-126.92
gain	107	2	-126.92
gain	2	108	-127.49
gain	108	2	-127.49
gain	2	109	-133.24
gain	109	2	-133.24
gain	2	110	-126.30
gain	110	2	-126.30
gain	2	111	-126.17
gain	111	2	-126.17
gain	2	112	-125.95
gain	112	2	-125.95
gain	2	113	-133.37
gain	113	2	-133.37
gain	2	114	-132.42
gain	114	2	-132.42
gain	2	115	-139.15
gain	115	2	-139.15
gain	2	116	-136.45
gain	116	2	-136.45
gain	2	117	-126.90
gain	117	2	-126.90
gain	2	118	-129.37
gain	118	2	-129.37
gain	2	119	-125.58
gain	119	2	-125.58
gain	2	120	-129.40
gain	120	2	-129.40
gain	2	121	-129.03
gain	121	2	-129.03
gain	2	122	-128.06
gain	122	2	-128.06
gain	2	123	-132.60
gain	123	2	-132.60
gain	2	124	-132.48
gain	124	2	-132.48
gain	2	125	-127.00
gain	125	2	-127.00
gain	2	126	-140.62
gain	126	2	-140.62
gain	2	127	-133.88
gain	127	2	-133.88
gain	2	128	-137.51
gain	128	2	-137.51
gain	2	129	-140.54
gain	129	2	-140.54
gain	2	130	-127.46
gain	130	2	-127.46
gain	2	131	-130.41
gain	131	2	-130.41
gain	2	132	-133.96
gain	132	2	-133.96
gain	2	133	-131.65
gain	133	2	-131.65
gain	2	134	-124.05
gain	134	2	-124.05
gain	2	135	-133.82
gain	135	2	-133.82
gain	2	136	-126.45
gain	136	2	-126.45
gain	2	137	-133.71
gain	137	2	-133.71
gain	2	138	-133.39
gain	138	2	-133.39
gain	2	139	-136.69
gain	139	2	-136.69
gain	2	140	-135.09
gain	140	2	-135.09
gain	2	141	-144.53
gain	141	2	-144.53
gain	2	142	-140.14
gain	142	2	-140.14
gain	2	143	-132.36
gain	143	2	-132.36
gain	2	144	-131.96
gain	144	2	-131.96
gain	2	145	-138.17
gain	145	2	-138.17
gain	2	146	-135.56
gain	146	2	-135.56
gain	2	147	-141.26
gain	147	2	-141.26
gain	2	148	-137.92
gain	148	2	-137.92
gain	2	149	-133.12
gain	149	2	-133.12
gain	2	150	-133.50
gain	150	2	-133.50
gain	2	151	-136.70
gain	151	2	-136.70
gain	2	152	-135.80
gain	152	2	-135.80
gain	2	153	-140.33
gain	153	2	-140.33
gain	2	154	-133.86
gain	154	2	-133.86
gain	2	155	-134.89
gain	155	2	-134.89
gain	2	156	-133.18
gain	156	2	-133.18
gain	2	157	-135.63
gain	157	2	-135.63
gain	2	158	-133.60
gain	158	2	-133.60
gain	2	159	-131.11
gain	159	2	-131.11
gain	2	160	-137.87
gain	160	2	-137.87
gain	2	161	-139.45
gain	161	2	-139.45
gain	2	162	-135.77
gain	162	2	-135.77
gain	2	163	-135.11
gain	163	2	-135.11
gain	2	164	-137.79
gain	164	2	-137.79
gain	2	165	-137.09
gain	165	2	-137.09
gain	2	166	-140.59
gain	166	2	-140.59
gain	2	167	-136.16
gain	167	2	-136.16
gain	2	168	-134.36
gain	168	2	-134.36
gain	3	4	-87.27
gain	4	3	-87.27
gain	3	5	-99.18
gain	5	3	-99.18
gain	3	6	-110.14
gain	6	3	-110.14
gain	3	7	-106.52
gain	7	3	-106.52
gain	3	8	-116.56
gain	8	3	-116.56
gain	3	9	-120.55
gain	9	3	-120.55
gain	3	10	-128.56
gain	10	3	-128.56
gain	3	11	-127.32
gain	11	3	-127.32
gain	3	12	-122.65
gain	12	3	-122.65
gain	3	13	-106.38
gain	13	3	-106.38
gain	3	14	-107.31
gain	14	3	-107.31
gain	3	15	-94.20
gain	15	3	-94.20
gain	3	16	-83.88
gain	16	3	-83.88
gain	3	17	-87.48
gain	17	3	-87.48
gain	3	18	-102.17
gain	18	3	-102.17
gain	3	19	-104.17
gain	19	3	-104.17
gain	3	20	-107.98
gain	20	3	-107.98
gain	3	21	-115.66
gain	21	3	-115.66
gain	3	22	-118.25
gain	22	3	-118.25
gain	3	23	-125.61
gain	23	3	-125.61
gain	3	24	-126.21
gain	24	3	-126.21
gain	3	25	-129.97
gain	25	3	-129.97
gain	3	26	-111.16
gain	26	3	-111.16
gain	3	27	-105.58
gain	27	3	-105.58
gain	3	28	-102.48
gain	28	3	-102.48
gain	3	29	-101.58
gain	29	3	-101.58
gain	3	30	-96.52
gain	30	3	-96.52
gain	3	31	-103.82
gain	31	3	-103.82
gain	3	32	-105.29
gain	32	3	-105.29
gain	3	33	-120.73
gain	33	3	-120.73
gain	3	34	-120.54
gain	34	3	-120.54
gain	3	35	-121.27
gain	35	3	-121.27
gain	3	36	-122.44
gain	36	3	-122.44
gain	3	37	-119.94
gain	37	3	-119.94
gain	3	38	-134.36
gain	38	3	-134.36
gain	3	39	-111.70
gain	39	3	-111.70
gain	3	40	-105.43
gain	40	3	-105.43
gain	3	41	-113.08
gain	41	3	-113.08
gain	3	42	-107.48
gain	42	3	-107.48
gain	3	43	-105.23
gain	43	3	-105.23
gain	3	44	-113.97
gain	44	3	-113.97
gain	3	45	-114.42
gain	45	3	-114.42
gain	3	46	-118.51
gain	46	3	-118.51
gain	3	47	-117.86
gain	47	3	-117.86
gain	3	48	-124.38
gain	48	3	-124.38
gain	3	49	-122.79
gain	49	3	-122.79
gain	3	50	-128.38
gain	50	3	-128.38
gain	3	51	-129.12
gain	51	3	-129.12
gain	3	52	-118.95
gain	52	3	-118.95
gain	3	53	-114.26
gain	53	3	-114.26
gain	3	54	-107.62
gain	54	3	-107.62
gain	3	55	-112.48
gain	55	3	-112.48
gain	3	56	-116.55
gain	56	3	-116.55
gain	3	57	-120.45
gain	57	3	-120.45
gain	3	58	-119.76
gain	58	3	-119.76
gain	3	59	-118.03
gain	59	3	-118.03
gain	3	60	-127.57
gain	60	3	-127.57
gain	3	61	-125.29
gain	61	3	-125.29
gain	3	62	-122.63
gain	62	3	-122.63
gain	3	63	-127.31
gain	63	3	-127.31
gain	3	64	-124.80
gain	64	3	-124.80
gain	3	65	-124.51
gain	65	3	-124.51
gain	3	66	-115.90
gain	66	3	-115.90
gain	3	67	-119.67
gain	67	3	-119.67
gain	3	68	-115.18
gain	68	3	-115.18
gain	3	69	-117.37
gain	69	3	-117.37
gain	3	70	-120.71
gain	70	3	-120.71
gain	3	71	-124.85
gain	71	3	-124.85
gain	3	72	-120.77
gain	72	3	-120.77
gain	3	73	-125.32
gain	73	3	-125.32
gain	3	74	-126.67
gain	74	3	-126.67
gain	3	75	-128.71
gain	75	3	-128.71
gain	3	76	-130.61
gain	76	3	-130.61
gain	3	77	-132.13
gain	77	3	-132.13
gain	3	78	-122.69
gain	78	3	-122.69
gain	3	79	-117.22
gain	79	3	-117.22
gain	3	80	-117.93
gain	80	3	-117.93
gain	3	81	-115.74
gain	81	3	-115.74
gain	3	82	-122.29
gain	82	3	-122.29
gain	3	83	-121.42
gain	83	3	-121.42
gain	3	84	-126.66
gain	84	3	-126.66
gain	3	85	-124.11
gain	85	3	-124.11
gain	3	86	-125.13
gain	86	3	-125.13
gain	3	87	-129.51
gain	87	3	-129.51
gain	3	88	-126.24
gain	88	3	-126.24
gain	3	89	-131.54
gain	89	3	-131.54
gain	3	90	-135.57
gain	90	3	-135.57
gain	3	91	-128.42
gain	91	3	-128.42
gain	3	92	-125.25
gain	92	3	-125.25
gain	3	93	-124.45
gain	93	3	-124.45
gain	3	94	-126.59
gain	94	3	-126.59
gain	3	95	-121.45
gain	95	3	-121.45
gain	3	96	-125.69
gain	96	3	-125.69
gain	3	97	-122.49
gain	97	3	-122.49
gain	3	98	-126.22
gain	98	3	-126.22
gain	3	99	-125.78
gain	99	3	-125.78
gain	3	100	-128.94
gain	100	3	-128.94
gain	3	101	-133.32
gain	101	3	-133.32
gain	3	102	-134.74
gain	102	3	-134.74
gain	3	103	-130.47
gain	103	3	-130.47
gain	3	104	-130.28
gain	104	3	-130.28
gain	3	105	-129.32
gain	105	3	-129.32
gain	3	106	-128.00
gain	106	3	-128.00
gain	3	107	-123.15
gain	107	3	-123.15
gain	3	108	-126.60
gain	108	3	-126.60
gain	3	109	-121.12
gain	109	3	-121.12
gain	3	110	-123.09
gain	110	3	-123.09
gain	3	111	-130.31
gain	111	3	-130.31
gain	3	112	-129.06
gain	112	3	-129.06
gain	3	113	-132.27
gain	113	3	-132.27
gain	3	114	-126.06
gain	114	3	-126.06
gain	3	115	-132.65
gain	115	3	-132.65
gain	3	116	-137.07
gain	116	3	-137.07
gain	3	117	-135.06
gain	117	3	-135.06
gain	3	118	-132.82
gain	118	3	-132.82
gain	3	119	-127.32
gain	119	3	-127.32
gain	3	120	-131.53
gain	120	3	-131.53
gain	3	121	-128.36
gain	121	3	-128.36
gain	3	122	-132.68
gain	122	3	-132.68
gain	3	123	-128.01
gain	123	3	-128.01
gain	3	124	-129.67
gain	124	3	-129.67
gain	3	125	-126.30
gain	125	3	-126.30
gain	3	126	-133.00
gain	126	3	-133.00
gain	3	127	-133.99
gain	127	3	-133.99
gain	3	128	-135.44
gain	128	3	-135.44
gain	3	129	-141.41
gain	129	3	-141.41
gain	3	130	-130.16
gain	130	3	-130.16
gain	3	131	-133.57
gain	131	3	-133.57
gain	3	132	-133.90
gain	132	3	-133.90
gain	3	133	-131.84
gain	133	3	-131.84
gain	3	134	-126.40
gain	134	3	-126.40
gain	3	135	-132.48
gain	135	3	-132.48
gain	3	136	-133.18
gain	136	3	-133.18
gain	3	137	-135.40
gain	137	3	-135.40
gain	3	138	-130.74
gain	138	3	-130.74
gain	3	139	-129.60
gain	139	3	-129.60
gain	3	140	-138.20
gain	140	3	-138.20
gain	3	141	-132.03
gain	141	3	-132.03
gain	3	142	-140.63
gain	142	3	-140.63
gain	3	143	-127.68
gain	143	3	-127.68
gain	3	144	-131.03
gain	144	3	-131.03
gain	3	145	-133.87
gain	145	3	-133.87
gain	3	146	-133.14
gain	146	3	-133.14
gain	3	147	-135.15
gain	147	3	-135.15
gain	3	148	-130.15
gain	148	3	-130.15
gain	3	149	-133.90
gain	149	3	-133.90
gain	3	150	-136.21
gain	150	3	-136.21
gain	3	151	-130.91
gain	151	3	-130.91
gain	3	152	-128.60
gain	152	3	-128.60
gain	3	153	-136.28
gain	153	3	-136.28
gain	3	154	-134.73
gain	154	3	-134.73
gain	3	155	-134.80
gain	155	3	-134.80
gain	3	156	-135.75
gain	156	3	-135.75
gain	3	157	-134.75
gain	157	3	-134.75
gain	3	158	-135.42
gain	158	3	-135.42
gain	3	159	-135.78
gain	159	3	-135.78
gain	3	160	-132.18
gain	160	3	-132.18
gain	3	161	-135.85
gain	161	3	-135.85
gain	3	162	-142.07
gain	162	3	-142.07
gain	3	163	-137.82
gain	163	3	-137.82
gain	3	164	-133.79
gain	164	3	-133.79
gain	3	165	-136.42
gain	165	3	-136.42
gain	3	166	-138.11
gain	166	3	-138.11
gain	3	167	-136.90
gain	167	3	-136.90
gain	3	168	-139.25
gain	168	3	-139.25
gain	4	5	-85.73
gain	5	4	-85.73
gain	4	6	-96.02
gain	6	4	-96.02
gain	4	7	-106.05
gain	7	4	-106.05
gain	4	8	-111.44
gain	8	4	-111.44
gain	4	9	-124.03
gain	9	4	-124.03
gain	4	10	-114.22
gain	10	4	-114.22
gain	4	11	-127.36
gain	11	4	-127.36
gain	4	12	-129.05
gain	12	4	-129.05
gain	4	13	-104.86
gain	13	4	-104.86
gain	4	14	-107.42
gain	14	4	-107.42
gain	4	15	-108.00
gain	15	4	-108.00
gain	4	16	-91.48
gain	16	4	-91.48
gain	4	17	-83.20
gain	17	4	-83.20
gain	4	18	-89.01
gain	18	4	-89.01
gain	4	19	-99.21
gain	19	4	-99.21
gain	4	20	-104.32
gain	20	4	-104.32
gain	4	21	-109.66
gain	21	4	-109.66
gain	4	22	-116.85
gain	22	4	-116.85
gain	4	23	-120.08
gain	23	4	-120.08
gain	4	24	-129.82
gain	24	4	-129.82
gain	4	25	-127.25
gain	25	4	-127.25
gain	4	26	-120.32
gain	26	4	-120.32
gain	4	27	-108.33
gain	27	4	-108.33
gain	4	28	-103.10
gain	28	4	-103.10
gain	4	29	-103.18
gain	29	4	-103.18
gain	4	30	-100.04
gain	30	4	-100.04
gain	4	31	-100.80
gain	31	4	-100.80
gain	4	32	-107.27
gain	32	4	-107.27
gain	4	33	-110.96
gain	33	4	-110.96
gain	4	34	-115.64
gain	34	4	-115.64
gain	4	35	-119.35
gain	35	4	-119.35
gain	4	36	-120.83
gain	36	4	-120.83
gain	4	37	-126.47
gain	37	4	-126.47
gain	4	38	-128.12
gain	38	4	-128.12
gain	4	39	-113.71
gain	39	4	-113.71
gain	4	40	-117.78
gain	40	4	-117.78
gain	4	41	-113.91
gain	41	4	-113.91
gain	4	42	-107.68
gain	42	4	-107.68
gain	4	43	-101.13
gain	43	4	-101.13
gain	4	44	-110.71
gain	44	4	-110.71
gain	4	45	-105.22
gain	45	4	-105.22
gain	4	46	-112.77
gain	46	4	-112.77
gain	4	47	-113.21
gain	47	4	-113.21
gain	4	48	-118.25
gain	48	4	-118.25
gain	4	49	-122.36
gain	49	4	-122.36
gain	4	50	-128.24
gain	50	4	-128.24
gain	4	51	-128.79
gain	51	4	-128.79
gain	4	52	-122.47
gain	52	4	-122.47
gain	4	53	-117.87
gain	53	4	-117.87
gain	4	54	-109.69
gain	54	4	-109.69
gain	4	55	-110.73
gain	55	4	-110.73
gain	4	56	-110.30
gain	56	4	-110.30
gain	4	57	-115.38
gain	57	4	-115.38
gain	4	58	-119.41
gain	58	4	-119.41
gain	4	59	-118.86
gain	59	4	-118.86
gain	4	60	-120.42
gain	60	4	-120.42
gain	4	61	-116.58
gain	61	4	-116.58
gain	4	62	-125.31
gain	62	4	-125.31
gain	4	63	-124.14
gain	63	4	-124.14
gain	4	64	-129.26
gain	64	4	-129.26
gain	4	65	-122.03
gain	65	4	-122.03
gain	4	66	-117.78
gain	66	4	-117.78
gain	4	67	-120.22
gain	67	4	-120.22
gain	4	68	-119.37
gain	68	4	-119.37
gain	4	69	-111.11
gain	69	4	-111.11
gain	4	70	-115.28
gain	70	4	-115.28
gain	4	71	-116.30
gain	71	4	-116.30
gain	4	72	-117.28
gain	72	4	-117.28
gain	4	73	-124.20
gain	73	4	-124.20
gain	4	74	-121.69
gain	74	4	-121.69
gain	4	75	-130.13
gain	75	4	-130.13
gain	4	76	-126.33
gain	76	4	-126.33
gain	4	77	-127.19
gain	77	4	-127.19
gain	4	78	-125.30
gain	78	4	-125.30
gain	4	79	-121.72
gain	79	4	-121.72
gain	4	80	-128.32
gain	80	4	-128.32
gain	4	81	-118.87
gain	81	4	-118.87
gain	4	82	-128.41
gain	82	4	-128.41
gain	4	83	-123.71
gain	83	4	-123.71
gain	4	84	-123.72
gain	84	4	-123.72
gain	4	85	-121.27
gain	85	4	-121.27
gain	4	86	-127.02
gain	86	4	-127.02
gain	4	87	-127.14
gain	87	4	-127.14
gain	4	88	-128.10
gain	88	4	-128.10
gain	4	89	-128.78
gain	89	4	-128.78
gain	4	90	-128.41
gain	90	4	-128.41
gain	4	91	-127.33
gain	91	4	-127.33
gain	4	92	-128.14
gain	92	4	-128.14
gain	4	93	-122.86
gain	93	4	-122.86
gain	4	94	-126.89
gain	94	4	-126.89
gain	4	95	-119.70
gain	95	4	-119.70
gain	4	96	-124.63
gain	96	4	-124.63
gain	4	97	-126.00
gain	97	4	-126.00
gain	4	98	-125.13
gain	98	4	-125.13
gain	4	99	-123.70
gain	99	4	-123.70
gain	4	100	-137.66
gain	100	4	-137.66
gain	4	101	-132.56
gain	101	4	-132.56
gain	4	102	-130.30
gain	102	4	-130.30
gain	4	103	-130.35
gain	103	4	-130.35
gain	4	104	-131.50
gain	104	4	-131.50
gain	4	105	-126.31
gain	105	4	-126.31
gain	4	106	-134.07
gain	106	4	-134.07
gain	4	107	-129.04
gain	107	4	-129.04
gain	4	108	-129.99
gain	108	4	-129.99
gain	4	109	-128.23
gain	109	4	-128.23
gain	4	110	-131.81
gain	110	4	-131.81
gain	4	111	-126.05
gain	111	4	-126.05
gain	4	112	-122.23
gain	112	4	-122.23
gain	4	113	-130.01
gain	113	4	-130.01
gain	4	114	-130.56
gain	114	4	-130.56
gain	4	115	-127.27
gain	115	4	-127.27
gain	4	116	-132.53
gain	116	4	-132.53
gain	4	117	-133.57
gain	117	4	-133.57
gain	4	118	-130.60
gain	118	4	-130.60
gain	4	119	-128.57
gain	119	4	-128.57
gain	4	120	-132.51
gain	120	4	-132.51
gain	4	121	-127.75
gain	121	4	-127.75
gain	4	122	-131.57
gain	122	4	-131.57
gain	4	123	-123.81
gain	123	4	-123.81
gain	4	124	-128.07
gain	124	4	-128.07
gain	4	125	-131.89
gain	125	4	-131.89
gain	4	126	-127.04
gain	126	4	-127.04
gain	4	127	-138.21
gain	127	4	-138.21
gain	4	128	-138.38
gain	128	4	-138.38
gain	4	129	-130.56
gain	129	4	-130.56
gain	4	130	-131.45
gain	130	4	-131.45
gain	4	131	-133.99
gain	131	4	-133.99
gain	4	132	-131.80
gain	132	4	-131.80
gain	4	133	-135.47
gain	133	4	-135.47
gain	4	134	-133.36
gain	134	4	-133.36
gain	4	135	-138.63
gain	135	4	-138.63
gain	4	136	-122.01
gain	136	4	-122.01
gain	4	137	-128.17
gain	137	4	-128.17
gain	4	138	-133.43
gain	138	4	-133.43
gain	4	139	-132.15
gain	139	4	-132.15
gain	4	140	-130.87
gain	140	4	-130.87
gain	4	141	-137.58
gain	141	4	-137.58
gain	4	142	-138.75
gain	142	4	-138.75
gain	4	143	-131.61
gain	143	4	-131.61
gain	4	144	-131.28
gain	144	4	-131.28
gain	4	145	-133.96
gain	145	4	-133.96
gain	4	146	-130.25
gain	146	4	-130.25
gain	4	147	-132.50
gain	147	4	-132.50
gain	4	148	-131.48
gain	148	4	-131.48
gain	4	149	-130.23
gain	149	4	-130.23
gain	4	150	-134.44
gain	150	4	-134.44
gain	4	151	-132.60
gain	151	4	-132.60
gain	4	152	-131.45
gain	152	4	-131.45
gain	4	153	-142.07
gain	153	4	-142.07
gain	4	154	-136.16
gain	154	4	-136.16
gain	4	155	-135.59
gain	155	4	-135.59
gain	4	156	-136.62
gain	156	4	-136.62
gain	4	157	-132.02
gain	157	4	-132.02
gain	4	158	-134.26
gain	158	4	-134.26
gain	4	159	-137.67
gain	159	4	-137.67
gain	4	160	-130.85
gain	160	4	-130.85
gain	4	161	-134.96
gain	161	4	-134.96
gain	4	162	-133.63
gain	162	4	-133.63
gain	4	163	-134.92
gain	163	4	-134.92
gain	4	164	-136.91
gain	164	4	-136.91
gain	4	165	-135.43
gain	165	4	-135.43
gain	4	166	-141.19
gain	166	4	-141.19
gain	4	167	-142.58
gain	167	4	-142.58
gain	4	168	-137.16
gain	168	4	-137.16
gain	5	6	-86.43
gain	6	5	-86.43
gain	5	7	-101.19
gain	7	5	-101.19
gain	5	8	-100.88
gain	8	5	-100.88
gain	5	9	-113.40
gain	9	5	-113.40
gain	5	10	-122.25
gain	10	5	-122.25
gain	5	11	-118.78
gain	11	5	-118.78
gain	5	12	-120.33
gain	12	5	-120.33
gain	5	13	-117.19
gain	13	5	-117.19
gain	5	14	-114.22
gain	14	5	-114.22
gain	5	15	-109.65
gain	15	5	-109.65
gain	5	16	-100.13
gain	16	5	-100.13
gain	5	17	-94.43
gain	17	5	-94.43
gain	5	18	-84.52
gain	18	5	-84.52
gain	5	19	-96.12
gain	19	5	-96.12
gain	5	20	-101.35
gain	20	5	-101.35
gain	5	21	-106.58
gain	21	5	-106.58
gain	5	22	-114.36
gain	22	5	-114.36
gain	5	23	-118.94
gain	23	5	-118.94
gain	5	24	-121.93
gain	24	5	-121.93
gain	5	25	-121.15
gain	25	5	-121.15
gain	5	26	-118.18
gain	26	5	-118.18
gain	5	27	-113.76
gain	27	5	-113.76
gain	5	28	-111.28
gain	28	5	-111.28
gain	5	29	-113.67
gain	29	5	-113.67
gain	5	30	-101.83
gain	30	5	-101.83
gain	5	31	-104.89
gain	31	5	-104.89
gain	5	32	-104.09
gain	32	5	-104.09
gain	5	33	-100.51
gain	33	5	-100.51
gain	5	34	-111.77
gain	34	5	-111.77
gain	5	35	-114.73
gain	35	5	-114.73
gain	5	36	-117.04
gain	36	5	-117.04
gain	5	37	-122.84
gain	37	5	-122.84
gain	5	38	-125.60
gain	38	5	-125.60
gain	5	39	-120.05
gain	39	5	-120.05
gain	5	40	-114.49
gain	40	5	-114.49
gain	5	41	-114.21
gain	41	5	-114.21
gain	5	42	-109.25
gain	42	5	-109.25
gain	5	43	-103.63
gain	43	5	-103.63
gain	5	44	-109.65
gain	44	5	-109.65
gain	5	45	-115.72
gain	45	5	-115.72
gain	5	46	-108.58
gain	46	5	-108.58
gain	5	47	-111.30
gain	47	5	-111.30
gain	5	48	-114.30
gain	48	5	-114.30
gain	5	49	-125.27
gain	49	5	-125.27
gain	5	50	-120.35
gain	50	5	-120.35
gain	5	51	-127.39
gain	51	5	-127.39
gain	5	52	-125.37
gain	52	5	-125.37
gain	5	53	-116.77
gain	53	5	-116.77
gain	5	54	-116.95
gain	54	5	-116.95
gain	5	55	-117.30
gain	55	5	-117.30
gain	5	56	-115.40
gain	56	5	-115.40
gain	5	57	-114.19
gain	57	5	-114.19
gain	5	58	-113.35
gain	58	5	-113.35
gain	5	59	-115.73
gain	59	5	-115.73
gain	5	60	-115.29
gain	60	5	-115.29
gain	5	61	-121.54
gain	61	5	-121.54
gain	5	62	-126.21
gain	62	5	-126.21
gain	5	63	-122.96
gain	63	5	-122.96
gain	5	64	-122.57
gain	64	5	-122.57
gain	5	65	-126.62
gain	65	5	-126.62
gain	5	66	-125.86
gain	66	5	-125.86
gain	5	67	-122.22
gain	67	5	-122.22
gain	5	68	-115.18
gain	68	5	-115.18
gain	5	69	-114.20
gain	69	5	-114.20
gain	5	70	-112.80
gain	70	5	-112.80
gain	5	71	-122.92
gain	71	5	-122.92
gain	5	72	-119.32
gain	72	5	-119.32
gain	5	73	-115.25
gain	73	5	-115.25
gain	5	74	-123.59
gain	74	5	-123.59
gain	5	75	-129.03
gain	75	5	-129.03
gain	5	76	-125.37
gain	76	5	-125.37
gain	5	77	-130.40
gain	77	5	-130.40
gain	5	78	-126.15
gain	78	5	-126.15
gain	5	79	-122.07
gain	79	5	-122.07
gain	5	80	-118.28
gain	80	5	-118.28
gain	5	81	-127.29
gain	81	5	-127.29
gain	5	82	-121.98
gain	82	5	-121.98
gain	5	83	-120.78
gain	83	5	-120.78
gain	5	84	-119.10
gain	84	5	-119.10
gain	5	85	-120.06
gain	85	5	-120.06
gain	5	86	-122.80
gain	86	5	-122.80
gain	5	87	-125.97
gain	87	5	-125.97
gain	5	88	-127.98
gain	88	5	-127.98
gain	5	89	-123.53
gain	89	5	-123.53
gain	5	90	-126.45
gain	90	5	-126.45
gain	5	91	-125.69
gain	91	5	-125.69
gain	5	92	-124.93
gain	92	5	-124.93
gain	5	93	-133.18
gain	93	5	-133.18
gain	5	94	-124.88
gain	94	5	-124.88
gain	5	95	-129.67
gain	95	5	-129.67
gain	5	96	-128.69
gain	96	5	-128.69
gain	5	97	-129.18
gain	97	5	-129.18
gain	5	98	-123.98
gain	98	5	-123.98
gain	5	99	-125.50
gain	99	5	-125.50
gain	5	100	-129.04
gain	100	5	-129.04
gain	5	101	-128.90
gain	101	5	-128.90
gain	5	102	-131.44
gain	102	5	-131.44
gain	5	103	-125.58
gain	103	5	-125.58
gain	5	104	-132.92
gain	104	5	-132.92
gain	5	105	-128.89
gain	105	5	-128.89
gain	5	106	-130.60
gain	106	5	-130.60
gain	5	107	-127.22
gain	107	5	-127.22
gain	5	108	-120.26
gain	108	5	-120.26
gain	5	109	-130.73
gain	109	5	-130.73
gain	5	110	-129.43
gain	110	5	-129.43
gain	5	111	-125.18
gain	111	5	-125.18
gain	5	112	-126.93
gain	112	5	-126.93
gain	5	113	-129.02
gain	113	5	-129.02
gain	5	114	-130.75
gain	114	5	-130.75
gain	5	115	-133.71
gain	115	5	-133.71
gain	5	116	-136.87
gain	116	5	-136.87
gain	5	117	-131.59
gain	117	5	-131.59
gain	5	118	-128.77
gain	118	5	-128.77
gain	5	119	-130.43
gain	119	5	-130.43
gain	5	120	-138.16
gain	120	5	-138.16
gain	5	121	-131.26
gain	121	5	-131.26
gain	5	122	-129.50
gain	122	5	-129.50
gain	5	123	-121.65
gain	123	5	-121.65
gain	5	124	-137.65
gain	124	5	-137.65
gain	5	125	-128.92
gain	125	5	-128.92
gain	5	126	-133.78
gain	126	5	-133.78
gain	5	127	-130.33
gain	127	5	-130.33
gain	5	128	-132.03
gain	128	5	-132.03
gain	5	129	-137.33
gain	129	5	-137.33
gain	5	130	-132.51
gain	130	5	-132.51
gain	5	131	-128.37
gain	131	5	-128.37
gain	5	132	-133.21
gain	132	5	-133.21
gain	5	133	-129.17
gain	133	5	-129.17
gain	5	134	-126.26
gain	134	5	-126.26
gain	5	135	-136.30
gain	135	5	-136.30
gain	5	136	-129.56
gain	136	5	-129.56
gain	5	137	-128.66
gain	137	5	-128.66
gain	5	138	-132.99
gain	138	5	-132.99
gain	5	139	-129.40
gain	139	5	-129.40
gain	5	140	-136.55
gain	140	5	-136.55
gain	5	141	-136.36
gain	141	5	-136.36
gain	5	142	-141.50
gain	142	5	-141.50
gain	5	143	-140.99
gain	143	5	-140.99
gain	5	144	-131.91
gain	144	5	-131.91
gain	5	145	-136.78
gain	145	5	-136.78
gain	5	146	-131.84
gain	146	5	-131.84
gain	5	147	-129.95
gain	147	5	-129.95
gain	5	148	-127.74
gain	148	5	-127.74
gain	5	149	-130.82
gain	149	5	-130.82
gain	5	150	-132.04
gain	150	5	-132.04
gain	5	151	-127.58
gain	151	5	-127.58
gain	5	152	-127.02
gain	152	5	-127.02
gain	5	153	-132.11
gain	153	5	-132.11
gain	5	154	-136.60
gain	154	5	-136.60
gain	5	155	-135.21
gain	155	5	-135.21
gain	5	156	-134.99
gain	156	5	-134.99
gain	5	157	-133.37
gain	157	5	-133.37
gain	5	158	-137.23
gain	158	5	-137.23
gain	5	159	-135.40
gain	159	5	-135.40
gain	5	160	-135.57
gain	160	5	-135.57
gain	5	161	-139.02
gain	161	5	-139.02
gain	5	162	-132.78
gain	162	5	-132.78
gain	5	163	-134.50
gain	163	5	-134.50
gain	5	164	-134.21
gain	164	5	-134.21
gain	5	165	-134.49
gain	165	5	-134.49
gain	5	166	-133.60
gain	166	5	-133.60
gain	5	167	-143.39
gain	167	5	-143.39
gain	5	168	-135.26
gain	168	5	-135.26
gain	6	7	-79.57
gain	7	6	-79.57
gain	6	8	-95.72
gain	8	6	-95.72
gain	6	9	-108.85
gain	9	6	-108.85
gain	6	10	-107.98
gain	10	6	-107.98
gain	6	11	-118.28
gain	11	6	-118.28
gain	6	12	-120.91
gain	12	6	-120.91
gain	6	13	-115.68
gain	13	6	-115.68
gain	6	14	-114.62
gain	14	6	-114.62
gain	6	15	-116.27
gain	15	6	-116.27
gain	6	16	-102.89
gain	16	6	-102.89
gain	6	17	-97.76
gain	17	6	-97.76
gain	6	18	-88.03
gain	18	6	-88.03
gain	6	19	-83.95
gain	19	6	-83.95
gain	6	20	-85.84
gain	20	6	-85.84
gain	6	21	-97.38
gain	21	6	-97.38
gain	6	22	-109.60
gain	22	6	-109.60
gain	6	23	-114.21
gain	23	6	-114.21
gain	6	24	-127.53
gain	24	6	-127.53
gain	6	25	-116.92
gain	25	6	-116.92
gain	6	26	-123.97
gain	26	6	-123.97
gain	6	27	-114.50
gain	27	6	-114.50
gain	6	28	-115.45
gain	28	6	-115.45
gain	6	29	-107.00
gain	29	6	-107.00
gain	6	30	-102.33
gain	30	6	-102.33
gain	6	31	-95.61
gain	31	6	-95.61
gain	6	32	-97.51
gain	32	6	-97.51
gain	6	33	-99.77
gain	33	6	-99.77
gain	6	34	-101.60
gain	34	6	-101.60
gain	6	35	-111.98
gain	35	6	-111.98
gain	6	36	-116.71
gain	36	6	-116.71
gain	6	37	-111.36
gain	37	6	-111.36
gain	6	38	-120.84
gain	38	6	-120.84
gain	6	39	-123.03
gain	39	6	-123.03
gain	6	40	-117.86
gain	40	6	-117.86
gain	6	41	-116.36
gain	41	6	-116.36
gain	6	42	-112.87
gain	42	6	-112.87
gain	6	43	-107.18
gain	43	6	-107.18
gain	6	44	-108.41
gain	44	6	-108.41
gain	6	45	-107.57
gain	45	6	-107.57
gain	6	46	-109.53
gain	46	6	-109.53
gain	6	47	-107.11
gain	47	6	-107.11
gain	6	48	-111.65
gain	48	6	-111.65
gain	6	49	-121.87
gain	49	6	-121.87
gain	6	50	-119.34
gain	50	6	-119.34
gain	6	51	-122.12
gain	51	6	-122.12
gain	6	52	-124.09
gain	52	6	-124.09
gain	6	53	-119.71
gain	53	6	-119.71
gain	6	54	-122.03
gain	54	6	-122.03
gain	6	55	-122.61
gain	55	6	-122.61
gain	6	56	-116.65
gain	56	6	-116.65
gain	6	57	-113.72
gain	57	6	-113.72
gain	6	58	-114.35
gain	58	6	-114.35
gain	6	59	-112.92
gain	59	6	-112.92
gain	6	60	-115.60
gain	60	6	-115.60
gain	6	61	-115.35
gain	61	6	-115.35
gain	6	62	-121.86
gain	62	6	-121.86
gain	6	63	-120.88
gain	63	6	-120.88
gain	6	64	-123.70
gain	64	6	-123.70
gain	6	65	-127.10
gain	65	6	-127.10
gain	6	66	-125.94
gain	66	6	-125.94
gain	6	67	-123.92
gain	67	6	-123.92
gain	6	68	-126.08
gain	68	6	-126.08
gain	6	69	-120.11
gain	69	6	-120.11
gain	6	70	-119.05
gain	70	6	-119.05
gain	6	71	-115.71
gain	71	6	-115.71
gain	6	72	-112.31
gain	72	6	-112.31
gain	6	73	-118.39
gain	73	6	-118.39
gain	6	74	-119.65
gain	74	6	-119.65
gain	6	75	-120.86
gain	75	6	-120.86
gain	6	76	-129.26
gain	76	6	-129.26
gain	6	77	-126.66
gain	77	6	-126.66
gain	6	78	-125.11
gain	78	6	-125.11
gain	6	79	-121.55
gain	79	6	-121.55
gain	6	80	-121.66
gain	80	6	-121.66
gain	6	81	-124.15
gain	81	6	-124.15
gain	6	82	-120.12
gain	82	6	-120.12
gain	6	83	-123.16
gain	83	6	-123.16
gain	6	84	-118.32
gain	84	6	-118.32
gain	6	85	-120.98
gain	85	6	-120.98
gain	6	86	-119.14
gain	86	6	-119.14
gain	6	87	-125.46
gain	87	6	-125.46
gain	6	88	-122.18
gain	88	6	-122.18
gain	6	89	-131.12
gain	89	6	-131.12
gain	6	90	-122.47
gain	90	6	-122.47
gain	6	91	-131.16
gain	91	6	-131.16
gain	6	92	-127.78
gain	92	6	-127.78
gain	6	93	-131.64
gain	93	6	-131.64
gain	6	94	-134.34
gain	94	6	-134.34
gain	6	95	-126.95
gain	95	6	-126.95
gain	6	96	-129.78
gain	96	6	-129.78
gain	6	97	-126.76
gain	97	6	-126.76
gain	6	98	-123.34
gain	98	6	-123.34
gain	6	99	-121.55
gain	99	6	-121.55
gain	6	100	-125.82
gain	100	6	-125.82
gain	6	101	-126.89
gain	101	6	-126.89
gain	6	102	-128.47
gain	102	6	-128.47
gain	6	103	-126.64
gain	103	6	-126.64
gain	6	104	-130.19
gain	104	6	-130.19
gain	6	105	-130.57
gain	105	6	-130.57
gain	6	106	-128.76
