gain	0	1	-82.86
gain	1	0	-82.86
gain	0	2	-98.41
gain	2	0	-98.41
gain	0	3	-106.27
gain	3	0	-106.27
gain	0	4	-103.93
gain	4	0	-103.93
gain	0	5	-86.30
gain	5	0	-86.30
gain	0	6	-90.78
gain	6	0	-90.78
gain	0	7	-98.90
gain	7	0	-98.90
gain	0	8	-112.54
gain	8	0	-112.54
gain	0	9	-111.25
gain	9	0	-111.25
gain	0	10	-101.59
gain	10	0	-101.59
gain	0	11	-99.90
gain	11	0	-99.90
gain	0	12	-101.00
gain	12	0	-101.00
gain	0	13	-110.70
gain	13	0	-110.70
gain	0	14	-112.87
gain	14	0	-112.87
gain	0	15	-107.27
gain	15	0	-107.27
gain	0	16	-114.03
gain	16	0	-114.03
gain	0	17	-116.31
gain	17	0	-116.31
gain	0	18	-116.26
gain	18	0	-116.26
gain	0	19	-117.97
gain	19	0	-117.97
gain	0	20	-106.61
gain	20	0	-106.61
gain	0	21	-112.39
gain	21	0	-112.39
gain	0	22	-117.16
gain	22	0	-117.16
gain	0	23	-114.12
gain	23	0	-114.12
gain	0	24	-120.21
gain	24	0	-120.21
gain	1	2	-85.41
gain	2	1	-85.41
gain	1	3	-98.27
gain	3	1	-98.27
gain	1	4	-107.74
gain	4	1	-107.74
gain	1	5	-94.70
gain	5	1	-94.70
gain	1	6	-76.40
gain	6	1	-76.40
gain	1	7	-93.92
gain	7	1	-93.92
gain	1	8	-100.91
gain	8	1	-100.91
gain	1	9	-109.73
gain	9	1	-109.73
gain	1	10	-99.20
gain	10	1	-99.20
gain	1	11	-100.63
gain	11	1	-100.63
gain	1	12	-97.33
gain	12	1	-97.33
gain	1	13	-103.64
gain	13	1	-103.64
gain	1	14	-109.37
gain	14	1	-109.37
gain	1	15	-104.22
gain	15	1	-104.22
gain	1	16	-103.71
gain	16	1	-103.71
gain	1	17	-109.01
gain	17	1	-109.01
gain	1	18	-110.08
gain	18	1	-110.08
gain	1	19	-113.61
gain	19	1	-113.61
gain	1	20	-115.79
gain	20	1	-115.79
gain	1	21	-109.35
gain	21	1	-109.35
gain	1	22	-115.05
gain	22	1	-115.05
gain	1	23	-111.01
gain	23	1	-111.01
gain	1	24	-115.85
gain	24	1	-115.85
gain	2	3	-87.87
gain	3	2	-87.87
gain	2	4	-99.88
gain	4	2	-99.88
gain	2	5	-100.50
gain	5	2	-100.50
gain	2	6	-84.43
gain	6	2	-84.43
gain	2	7	-88.06
gain	7	2	-88.06
gain	2	8	-93.24
gain	8	2	-93.24
gain	2	9	-95.29
gain	9	2	-95.29
gain	2	10	-99.40
gain	10	2	-99.40
gain	2	11	-98.44
gain	11	2	-98.44
gain	2	12	-98.97
gain	12	2	-98.97
gain	2	13	-104.86
gain	13	2	-104.86
gain	2	14	-99.91
gain	14	2	-99.91
gain	2	15	-115.57
gain	15	2	-115.57
gain	2	16	-103.94
gain	16	2	-103.94
gain	2	17	-103.44
gain	17	2	-103.44
gain	2	18	-106.69
gain	18	2	-106.69
gain	2	19	-114.10
gain	19	2	-114.10
gain	2	20	-113.04
gain	20	2	-113.04
gain	2	21	-115.86
gain	21	2	-115.86
gain	2	22	-113.09
gain	22	2	-113.09
gain	2	23	-116.78
gain	23	2	-116.78
gain	2	24	-106.57
gain	24	2	-106.57
gain	3	4	-82.84
gain	4	3	-82.84
gain	3	5	-106.82
gain	5	3	-106.82
gain	3	6	-104.47
gain	6	3	-104.47
gain	3	7	-90.28
gain	7	3	-90.28
gain	3	8	-83.77
gain	8	3	-83.77
gain	3	9	-87.50
gain	9	3	-87.50
gain	3	10	-111.04
gain	10	3	-111.04
gain	3	11	-109.79
gain	11	3	-109.79
gain	3	12	-99.77
gain	12	3	-99.77
gain	3	13	-101.78
gain	13	3	-101.78
gain	3	14	-99.91
gain	14	3	-99.91
gain	3	15	-109.69
gain	15	3	-109.69
gain	3	16	-114.07
gain	16	3	-114.07
gain	3	17	-104.32
gain	17	3	-104.32
gain	3	18	-98.25
gain	18	3	-98.25
gain	3	19	-104.66
gain	19	3	-104.66
gain	3	20	-113.41
gain	20	3	-113.41
gain	3	21	-117.86
gain	21	3	-117.86
gain	3	22	-113.04
gain	22	3	-113.04
gain	3	23	-110.49
gain	23	3	-110.49
gain	3	24	-113.67
gain	24	3	-113.67
gain	4	5	-109.06
gain	5	4	-109.06
gain	4	6	-110.25
gain	6	4	-110.25
gain	4	7	-97.40
gain	7	4	-97.40
gain	4	8	-90.36
gain	8	4	-90.36
gain	4	9	-85.32
gain	9	4	-85.32
gain	4	10	-113.44
gain	10	4	-113.44
gain	4	11	-114.79
gain	11	4	-114.79
gain	4	12	-98.97
gain	12	4	-98.97
gain	4	13	-101.82
gain	13	4	-101.82
gain	4	14	-94.53
gain	14	4	-94.53
gain	4	15	-115.91
gain	15	4	-115.91
gain	4	16	-112.79
gain	16	4	-112.79
gain	4	17	-103.15
gain	17	4	-103.15
gain	4	18	-107.83
gain	18	4	-107.83
gain	4	19	-109.50
gain	19	4	-109.50
gain	4	20	-120.66
gain	20	4	-120.66
gain	4	21	-115.55
gain	21	4	-115.55
gain	4	22	-112.45
gain	22	4	-112.45
gain	4	23	-108.16
gain	23	4	-108.16
gain	4	24	-107.87
gain	24	4	-107.87
gain	5	6	-85.52
gain	6	5	-85.52
gain	5	7	-101.30
gain	7	5	-101.30
gain	5	8	-102.00
gain	8	5	-102.00
gain	5	9	-111.30
gain	9	5	-111.30
gain	5	10	-79.69
gain	10	5	-79.69
gain	5	11	-85.07
gain	11	5	-85.07
gain	5	12	-97.11
gain	12	5	-97.11
gain	5	13	-106.64
gain	13	5	-106.64
gain	5	14	-109.47
gain	14	5	-109.47
gain	5	15	-100.34
gain	15	5	-100.34
gain	5	16	-100.56
gain	16	5	-100.56
gain	5	17	-112.98
gain	17	5	-112.98
gain	5	18	-108.56
gain	18	5	-108.56
gain	5	19	-110.69
gain	19	5	-110.69
gain	5	20	-110.27
gain	20	5	-110.27
gain	5	21	-109.23
gain	21	5	-109.23
gain	5	22	-106.91
gain	22	5	-106.91
gain	5	23	-118.72
gain	23	5	-118.72
gain	5	24	-116.27
gain	24	5	-116.27
gain	6	7	-79.27
gain	7	6	-79.27
gain	6	8	-105.91
gain	8	6	-105.91
gain	6	9	-112.22
gain	9	6	-112.22
gain	6	10	-90.65
gain	10	6	-90.65
gain	6	11	-91.87
gain	11	6	-91.87
gain	6	12	-85.30
gain	12	6	-85.30
gain	6	13	-104.30
gain	13	6	-104.30
gain	6	14	-107.52
gain	14	6	-107.52
gain	6	15	-101.68
gain	15	6	-101.68
gain	6	16	-96.76
gain	16	6	-96.76
gain	6	17	-107.64
gain	17	6	-107.64
gain	6	18	-109.17
gain	18	6	-109.17
gain	6	19	-118.12
gain	19	6	-118.12
gain	6	20	-103.80
gain	20	6	-103.80
gain	6	21	-104.98
gain	21	6	-104.98
gain	6	22	-112.01
gain	22	6	-112.01
gain	6	23	-115.45
gain	23	6	-115.45
gain	6	24	-115.75
gain	24	6	-115.75
gain	7	8	-87.29
gain	8	7	-87.29
gain	7	9	-98.21
gain	9	7	-98.21
gain	7	10	-103.68
gain	10	7	-103.68
gain	7	11	-95.22
gain	11	7	-95.22
gain	7	12	-82.52
gain	12	7	-82.52
gain	7	13	-93.89
gain	13	7	-93.89
gain	7	14	-101.61
gain	14	7	-101.61
gain	7	15	-105.54
gain	15	7	-105.54
gain	7	16	-97.26
gain	16	7	-97.26
gain	7	17	-97.84
gain	17	7	-97.84
gain	7	18	-101.33
gain	18	7	-101.33
gain	7	19	-109.44
gain	19	7	-109.44
gain	7	20	-114.78
gain	20	7	-114.78
gain	7	21	-103.98
gain	21	7	-103.98
gain	7	22	-110.03
gain	22	7	-110.03
gain	7	23	-102.50
gain	23	7	-102.50
gain	7	24	-116.52
gain	24	7	-116.52
gain	8	9	-85.00
gain	9	8	-85.00
gain	8	10	-104.45
gain	10	8	-104.45
gain	8	11	-103.79
gain	11	8	-103.79
gain	8	12	-94.07
gain	12	8	-94.07
gain	8	13	-83.12
gain	13	8	-83.12
gain	8	14	-96.85
gain	14	8	-96.85
gain	8	15	-117.47
gain	15	8	-117.47
gain	8	16	-100.26
gain	16	8	-100.26
gain	8	17	-106.38
gain	17	8	-106.38
gain	8	18	-92.24
gain	18	8	-92.24
gain	8	19	-103.12
gain	19	8	-103.12
gain	8	20	-115.46
gain	20	8	-115.46
gain	8	21	-109.27
gain	21	8	-109.27
gain	8	22	-112.88
gain	22	8	-112.88
gain	8	23	-104.59
gain	23	8	-104.59
gain	8	24	-107.26
gain	24	8	-107.26
gain	9	10	-112.20
gain	10	9	-112.20
gain	9	11	-110.90
gain	11	9	-110.90
gain	9	12	-104.98
gain	12	9	-104.98
gain	9	13	-90.86
gain	13	9	-90.86
gain	9	14	-82.23
gain	14	9	-82.23
gain	9	15	-114.94
gain	15	9	-114.94
gain	9	16	-108.17
gain	16	9	-108.17
gain	9	17	-107.59
gain	17	9	-107.59
gain	9	18	-97.63
gain	18	9	-97.63
gain	9	19	-100.51
gain	19	9	-100.51
gain	9	20	-118.77
gain	20	9	-118.77
gain	9	21	-115.81
gain	21	9	-115.81
gain	9	22	-111.53
gain	22	9	-111.53
gain	9	23	-105.50
gain	23	9	-105.50
gain	9	24	-106.50
gain	24	9	-106.50
gain	10	11	-87.40
gain	11	10	-87.40
gain	10	12	-95.66
gain	12	10	-95.66
gain	10	13	-106.45
gain	13	10	-106.45
gain	10	14	-115.08
gain	14	10	-115.08
gain	10	15	-83.05
gain	15	10	-83.05
gain	10	16	-90.93
gain	16	10	-90.93
gain	10	17	-101.79
gain	17	10	-101.79
gain	10	18	-108.89
gain	18	10	-108.89
gain	10	19	-111.37
gain	19	10	-111.37
gain	10	20	-96.39
gain	20	10	-96.39
gain	10	21	-98.30
gain	21	10	-98.30
gain	10	22	-105.84
gain	22	10	-105.84
gain	10	23	-106.63
gain	23	10	-106.63
gain	10	24	-113.48
gain	24	10	-113.48
gain	11	12	-83.41
gain	12	11	-83.41
gain	11	13	-98.94
gain	13	11	-98.94
gain	11	14	-111.55
gain	14	11	-111.55
gain	11	15	-91.90
gain	15	11	-91.90
gain	11	16	-83.67
gain	16	11	-83.67
gain	11	17	-89.80
gain	17	11	-89.80
gain	11	18	-101.23
gain	18	11	-101.23
gain	11	19	-107.69
gain	19	11	-107.69
gain	11	20	-99.53
gain	20	11	-99.53
gain	11	21	-96.89
gain	21	11	-96.89
gain	11	22	-108.17
gain	22	11	-108.17
gain	11	23	-104.72
gain	23	11	-104.72
gain	11	24	-109.29
gain	24	11	-109.29
gain	12	13	-83.04
gain	13	12	-83.04
gain	12	14	-93.28
gain	14	12	-93.28
gain	12	15	-101.47
gain	15	12	-101.47
gain	12	16	-90.06
gain	16	12	-90.06
gain	12	17	-91.53
gain	17	12	-91.53
gain	12	18	-91.55
gain	18	12	-91.55
gain	12	19	-93.69
gain	19	12	-93.69
gain	12	20	-107.23
gain	20	12	-107.23
gain	12	21	-100.59
gain	21	12	-100.59
gain	12	22	-101.89
gain	22	12	-101.89
gain	12	23	-98.95
gain	23	12	-98.95
gain	12	24	-98.44
gain	24	12	-98.44
gain	13	14	-87.10
gain	14	13	-87.10
gain	13	15	-104.84
gain	15	13	-104.84
gain	13	16	-99.93
gain	16	13	-99.93
gain	13	17	-98.68
gain	17	13	-98.68
gain	13	18	-85.44
gain	18	13	-85.44
gain	13	19	-94.67
gain	19	13	-94.67
gain	13	20	-106.56
gain	20	13	-106.56
gain	13	21	-104.74
gain	21	13	-104.74
gain	13	22	-102.22
gain	22	13	-102.22
gain	13	23	-99.36
gain	23	13	-99.36
gain	13	24	-106.40
gain	24	13	-106.40
gain	14	15	-112.69
gain	15	14	-112.69
gain	14	16	-105.82
gain	16	14	-105.82
gain	14	17	-101.45
gain	17	14	-101.45
gain	14	18	-95.55
gain	18	14	-95.55
gain	14	19	-85.00
gain	19	14	-85.00
gain	14	20	-114.82
gain	20	14	-114.82
gain	14	21	-116.35
gain	21	14	-116.35
gain	14	22	-101.84
gain	22	14	-101.84
gain	14	23	-103.12
gain	23	14	-103.12
gain	14	24	-100.79
gain	24	14	-100.79
gain	15	16	-83.47
gain	16	15	-83.47
gain	15	17	-94.07
gain	17	15	-94.07
gain	15	18	-107.96
gain	18	15	-107.96
gain	15	19	-113.88
gain	19	15	-113.88
gain	15	20	-82.10
gain	20	15	-82.10
gain	15	21	-94.62
gain	21	15	-94.62
gain	15	22	-100.74
gain	22	15	-100.74
gain	15	23	-110.68
gain	23	15	-110.68
gain	15	24	-110.22
gain	24	15	-110.22
gain	16	17	-78.02
gain	17	16	-78.02
gain	16	18	-102.80
gain	18	16	-102.80
gain	16	19	-110.85
gain	19	16	-110.85
gain	16	20	-90.90
gain	20	16	-90.90
gain	16	21	-82.50
gain	21	16	-82.50
gain	16	22	-98.07
gain	22	16	-98.07
gain	16	23	-101.23
gain	23	16	-101.23
gain	16	24	-103.83
gain	24	16	-103.83
gain	17	18	-87.16
gain	18	17	-87.16
gain	17	19	-98.84
gain	19	17	-98.84
gain	17	20	-104.30
gain	20	17	-104.30
gain	17	21	-91.62
gain	21	17	-91.62
gain	17	22	-80.04
gain	22	17	-80.04
gain	17	23	-93.81
gain	23	17	-93.81
gain	17	24	-100.50
gain	24	17	-100.50
gain	18	19	-82.61
gain	19	18	-82.61
gain	18	20	-106.82
gain	20	18	-106.82
gain	18	21	-96.57
gain	21	18	-96.57
gain	18	22	-95.33
gain	22	18	-95.33
gain	18	23	-83.38
gain	23	18	-83.38
gain	18	24	-92.91
gain	24	18	-92.91
gain	19	20	-111.15
gain	20	19	-111.15
gain	19	21	-109.57
gain	21	19	-109.57
gain	19	22	-100.56
gain	22	19	-100.56
gain	19	23	-92.75
gain	23	19	-92.75
gain	19	24	-81.04
gain	24	19	-81.04
gain	20	21	-87.03
gain	21	20	-87.03
gain	20	22	-97.36
gain	22	20	-97.36
gain	20	23	-105.68
gain	23	20	-105.68
gain	20	24	-110.28
gain	24	20	-110.28
gain	21	22	-88.03
gain	22	21	-88.03
gain	21	23	-102.34
gain	23	21	-102.34
gain	21	24	-102.99
gain	24	21	-102.99
gain	22	23	-86.50
gain	23	22	-86.50
gain	22	24	-94.82
gain	24	22	-94.82
gain	23	24	-84.94
gain	24	23	-84.94
noise	0	-105.00	4.00
noise	1	-105.00	4.00
noise	2	-105.00	4.00
noise	3	-105.00	4.00
noise	4	-105.00	4.00
noise	5	-105.00	4.00
noise	6	-105.00	4.00
noise	7	-105.00	4.00
noise	8	-105.00	4.00
noise	9	-105.00	4.00
noise	10	-105.00	4.00
noise	11	-105.00	4.00
noise	12	-105.00	4.00
noise	13	-105.00	4.00
noise	14	-105.00	4.00
noise	15	-105.00	4.00
noise	16	-105.00	4.00
noise	17	-105.00	4.00
noise	18	-105.00	4.00
noise	19	-105.00	4.00
noise	20	-105.00	4.00
noise	21	-105.00	4.00
noise	22	-105.00	4.00
noise	23	-105.00	4.00
noise	24	-105.00	4.00
